 [110.964184, 30.77769],[110.964339, 30.777921]
,[110.964487, 30.778197]
, [110.964656, 30.778437]
,[110.964877, 30.778641]
,[110.965039, 30.778787]
,[110.965129, 30.778914]
,[110.96506, 30.779278]
, [110.964894, 30.779376]
, [110.964641, 30.779805]
,[110.96463, 30.780015]
,[110.964547, 30.780142]
,[110.964106, 30.780228]
, [110.963827, 30.780297]
,[110.963292, 30.780297]
, [110.963061, 30.780418]
,[110.962423, 30.780163]
, [110.962499, 30.779897]
,[110.962526, 30.779787]
,[110.962661, 30.779731]
,[110.962826, 30.779725]
, [110.963026, 30.779719]
, [110.963226, 30.779728]
, [110.963354, 30.779654]
,[110.963395, 30.779585]
, [110.963371, 30.77955]
, [110.963364, 30.779621]
, [110.962964, 30.779695]
, [110.962611, 30.779716]
, [110.962446, 30.780151]
, [110.962635, 30.780261]
, [110.963035, 30.780442]
, [110.963263, 30.780308]
,[110.963566, 30.780279]
,[110.963849, 30.780285]
, [110.964239, 30.78022]
, [110.964539, 30.780163]
, [110.964648, 30.779799]
, [110.964769, 30.779529]
, [110.964845, 30.77939]
, [110.965058, 30.779295]
,[110.965124, 30.778954]
, [110.964965, 30.778741]
, [110.9648, 30.778601]
, [110.964631, 30.778423]
, [110.964493, 30.778246]
, [110.964182, 30.777707]
, [110.964127, 30.777588]
,[110.963165, 30.777185]
, [110.961859, 30.776633]
, [110.960738, 30.776058]
, [110.959157, 30.77494]
,[110.958619, 30.774386]
, [110.958336, 30.773917]
, [110.957998, 30.773298]
, [110.957841, 30.773079]
,[110.95765, 30.772908]
, [110.957531, 30.772651]
, [110.957501, 30.772493]
,[110.957278, 30.772263]
, [110.9566, 30.771529]
, [110.955225, 30.77039]
, [110.95383, 30.769373]
, [110.953044, 30.76876]
, [110.952916, 30.768603]
, [110.952719, 30.768185]
, [110.952612, 30.767895]
, [110.952609, 30.767589]
, [110.952437, 30.767189]
, [110.952368, 30.767103]
, [110.952308, 30.767066]
, [110.951766, 30.767242]
, [110.951615, 30.767224]
, [110.951383, 30.76715]
,[110.951009, 30.767275]
, [110.950312, 30.767553]
, [110.949912, 30.767633]
,[110.949624, 30.767745]
, [110.949378, 30.767947]
, [110.949235, 30.768094]
, [110.948699, 30.768404]
, [110.948449, 30.768491]
, [110.948142, 30.768465]
,[110.9469, 30.768805]
, [110.948206, 30.768461]
, [110.948466, 30.768494]
,[110.94925, 30.768085]
, [110.949548, 30.767811]
, [110.950252, 30.767587]
, [110.95094, 30.767316]
, [110.951336, 30.767163]
,[110.952261, 30.767119]
, [110.952346, 30.767115]
, [110.952121, 30.766812]
, [110.951602, 30.766443]
,[110.951185, 30.766187]
, [110.950777, 30.765942]
, [110.94976, 30.765121]
, [110.949645, 30.764803]
,[110.949496, 30.764587]
, [110.949288, 30.764089]
, [110.949093, 30.763586]
, [110.948696, 30.763118]
, [110.948094, 30.762167]
, [110.946507, 30.76096]
,[110.945098, 30.760105]
,[110.944798, 30.759634]
,[110.944594, 30.759514]
, [110.943814, 30.75958]
,[110.943406, 30.759218]
,[110.943085, 30.758979]
, [110.942993, 30.758869]
,[110.9418, 30.756427]
, [110.94147, 30.756204]
,[110.9409, 30.756115]
, [110.940015, 30.755904]
, [110.93965, 30.755723]
,[110.939201, 30.755433]